import numpy as np
R= np.array ([[1,1,1,1,1,0,0,0,0,0,0,1,1,1,1,1],
              [1,1,1,0,0,1,1,1,1,1,1,0,0,1,1,1],
              [1,1,0,1,1,1,1,1,1,1,1,1,1,0,1,1],
              [1,0,1,1,1,1,1,1,1,1,1,1,1,1,0,1],
              [1,0,1,1,1,1,1,1,1,1,1,1,1,1,0,1],
              [0,1,1,1,1,1,1,1,1,1,1,1,1,1,1,0],
              [0,1,1,1,1,1,1,1,1,1,1,1,1,1,1,0],
              [0,1,1,1,1,1,1,1,1,1,1,1,1,1,1,0],
              [0,1,1,1,1,1,1,1,1,1,1,1,1,1,1,0],
              [0,1,1,1,1,1,1,1,1,1,1,1,1,1,1,0],
              [0,1,1,1,0,0,0,0,0,0,0,0,1,1,1,0],
              [1,0,0,0,1,1,0,1,1,0,1,1,0,0,0,1],
              [1,1,0,1,1,1,0,1,1,0,1,1,1,0,1,1],
              [1,1,0,1,1,1,1,1,1,1,1,1,1,0,1,1],
              [1,1,1,0,1,1,1,1,1,1,1,1,0,1,1,1],
              [1,1,1,1,0,0,0,0,0,0,0,0,1,1,1,1]]) #Camada Vermelha

G= np.array ([ [1,1,1,1,1,0,0,0,0,0,0,1,1,1,1,1],
               [1,1,1,0,0,0,0,0,0,1,1,0,0,1,1,1],
               [1,1,0,1,1,0,0,0,0,1,1,1,1,0,1,1],
               [1,0,1,1,0,0,0,0,0,0,1,1,1,1,0,1],
               [1,0,1,0,0,1,1,1,1,0,0,1,1,1,0,1],
               [0,0,0,0,1,1,1,1,1,1,0,0,0,0,0,0],
               [0,0,0,0,1,1,1,1,1,1,0,0,1,1,0,0],
               [0,1,0,0,1,1,1,1,1,1,0,1,1,1,1,0],
               [0,1,1,0,0,1,1,1,1,0,0,1,1,1,1,0],
               [0,1,1,0,0,0,0,0,0,0,0,0,1,1,0,0],
               [0,1,0,0,0,0,0,0,0,0,0,0,0,0,0,0],
               [1,0,0,0,1,1,0,1,1,0,1,1,0,0,0,1],
               [1,1,0,1,1,1,0,1,1,0,1,1,1,0,1,1],
               [1,1,0,1,1,1,1,1,1,1,1,1,1,0,1,1],
               [1,1,1,0,1,1,1,1,1,1,1,1,0,1,1,1],
               [1,1,1,1,0,0,0,0,0,0,0,0,1,1,1,1]]) #Camada Verde

B= np.array ([ [1,1,1,1,1,0,0,0,0,0,0,1,1,1,1,1],
               [1,1,1,0,0,0,0,0,0,1,1,0,0,1,1,1],
               [1,1,0,1,1,0,0,0,0,1,1,1,1,0,1,1],
               [1,0,1,1,0,0,0,0,0,0,1,1,1,1,0,1],
               [1,0,1,0,0,1,1,1,1,0,0,1,1,1,0,1],
               [0,0,0,0,1,1,1,1,1,1,0,0,0,0,0,0],
               [0,0,0,0,1,1,1,1,1,1,0,0,1,1,0,0],
               [0,1,0,0,1,1,1,1,1,1,0,1,1,1,1,0],
               [0,1,1,0,0,1,1,1,1,0,0,1,1,1,1,0],
               [0,1,1,0,0,0,0,0,0,0,0,0,1,1,0,0],
               [0,1,0,0,0,0,0,0,0,0,0,0,0,0,0,0],
               [1,0,0,0,1,1,0,1,1,0,1,1,0,0,0,1],
               [1,1,0,1,1,1,0,1,1,0,1,1,1,0,1,1],
               [1,1,0,1,1,1,1,1,1,1,1,1,1,0,1,1],
               [1,1,1,0,1,1,1,1,1,1,1,1,0,1,1,1],
               [1,1,1,1,0,0,0,0,0,0,0,0,1,1,1,1]]) #Camada Azul

#Matriz Resultante nula
M= np.zeros((16,16,3), dtype=np.float32)
#Trocando as camadas da resultante
M[:, :, 0] = R; M[:,:,1] = G; M[:,:,2] = B

import matplotlib.pyplot as plt
plt.imshow(M, aspect='auto')
plt.axis('off')
plt.show()
